0000000000000000000000000000000000000000000
0001111000100010011111001001000011000100010
0001000100010100000100001001000100100110010
0001111000001000000100001111001000010101010
0001000000001000000100001001000100100100110
0001000000001000000100001001000011000100010
0001000000000000000000000000000000000000000
0001111111111111111111111111111111111111110
0000000000000000000000000000000000000000000
0000000000000000000000000000000000000000000
0000000000000000000000000000000000000000000
0000000000000000000000000000000000000000000
0000000000000000000000000000000000000000000
0000000000000000000000000000000000000000000
0000000000000000000000000000000000000000000
0000000000000000000000000000000000000000000
0000000000000000000000000000000000000000000
0000000000000000000000000000000000000000000
0000000000000000000000000000000000000000000
0000000000000000000000000000000000000000000
0000000000000000000000000000000000000000000
0000000000000000000000000000000000000000000
